%YAML 1.0
---
rotation: [-.008, -1, -.3,
-1, -.05, -.1,
.6, .3, -1]


hand_joints:
   finger1joint1: [ 0.4974193, 1.5707963705062866e-01,
       -1.5707963705062866e-01 ]
   finger1joint2: [ 0.4450594, -3.4906584769487381e-02, 0. ]
   finger1joint3: [ 1.1344640702009201e-01, -1.3962633907794952e-01, 0. ]
   finger2joint1: [ 0.4014253, 9.5993109047412872e-02, 0. ]
   finger2joint2: [0.6108653, -9.5993109047412872e-02, 0. ]
   finger2joint3: [ 2.7925267815589905e-01, -9.5993109047412872e-02, 0. ]
   finger3joint1: [ 0.2792524, 6.9813169538974762e-02,
       1.2217304855585098e-01 ]
   finger3joint2: [ 0.6195919, -1.8325957655906677e-01, 0. ]
   finger3joint3: [ 4.5378562808036804e-01, -7.8539818525314331e-02, 0. ]
   finger4joint1: [ 0.3316125, 0., 6.1086524277925491e-02 ]
   finger4joint2: [ 0.5235983, -5.2359879016876221e-02, 0. ]
   finger4joint3: [ 1.7453293502330780e-01, -4.3633233755826950e-02, 0. ]
   finger5joint1: [ 0.2617994, 0.4712389, 0.1570796 ]
   finger5joint2: [ 4.4505897164344788e-01, 0., 0. ]
   finger5joint3: [ 0., 0., 0. ]
   metacarpals: [0. , 0., 0. ]
   carpals: [ 0., 0., 0. ]
   root: [ 0., 0., 0. ]
